t/d=0.10
0.30   0.769   0.296   0.089   0.951   0.312
0.40   0.714   0.221   0.088   0.951   0.233
0.50   0.667   0.176   0.088   0.951   0.185
0.60   0.625   0.146   0.087   0.951   0.153
0.70   0.588   0.124   0.087   0.952   0.131
0.80   0.556   0.108   0.087   0.952   0.114
0.90   0.526   0.096   0.086   0.952   0.101
1.00   0.500   0.086   0.086   0.952   0.090
1.10   0.476   0.077   0.085   0.952   0.081
1.20   0.455   0.071   0.085   0.952   0.074
1.30   0.435   0.065   0.084   0.952   0.068
1.40   0.417   0.060   0.084   0.952   0.063
1.50   0.400   0.056   0.083   0.952   0.058
1.60   0.385   0.052   0.083   0.952   0.054
1.70   0.370   0.048   0.082   0.953   0.051
1.80   0.357   0.046   0.082   0.953   0.048
1.90   0.345   0.043   0.081   0.953   0.045
2.00   0.333   0.041   0.081   0.953   0.043
2.10   0.323   0.038   0.081   0.953   0.040
2.20   0.313   0.036   0.080   0.953   0.038
2.30   0.303   0.035   0.080   0.953   0.036
2.40   0.294   0.033   0.079   0.953   0.035
2.50   0.286   0.031   0.079   0.954   0.033
2.60   0.278   0.030   0.078   0.954   0.032
2.70   0.270   0.029   0.078   0.954   0.030
2.80   0.263   0.028   0.077   0.954   0.029
2.90   0.256   0.026   0.077   0.954   0.028
3.00   0.250   0.025   0.076   0.954   0.027
3.10   0.244   0.024   0.076   0.954   0.026
3.20   0.238   0.024   0.075   0.954   0.025
3.30   0.233   0.023   0.075   0.955   0.024
3.40   0.227   0.022   0.074   0.955   0.023
3.50   0.222   0.021   0.074   0.955   0.022
3.60   0.217   0.020   0.074   0.955   0.021
3.70   0.213   0.020   0.073   0.955   0.021
3.80   0.208   0.019   0.073   0.955   0.020
3.90   0.204   0.018   0.072   0.955   0.019
4.00   0.200   0.018   0.072   0.956   0.019
4.10   0.196   0.017   0.071   0.956   0.018
4.20   0.192   0.017   0.071   0.956   0.018
4.30   0.189   0.016   0.070   0.956   0.017
4.40   0.185   0.016   0.070   0.956   0.017
4.50   0.182   0.015   0.069   0.956   0.016
4.60   0.179   0.015   0.069   0.956   0.016
4.70   0.175   0.015   0.068   0.957   0.015
4.80   0.172   0.014   0.068   0.957   0.015
4.90   0.169   0.014   0.067   0.957   0.014
5.00   0.167   0.013   0.067   0.957   0.014
t/d=0.12
0.30   0.769   0.347   0.104   0.942   0.369
0.40   0.714   0.259   0.104   0.942   0.275
0.50   0.667   0.206   0.103   0.942   0.218
0.60   0.625   0.170   0.102   0.942   0.181
0.70   0.588   0.145   0.102   0.942   0.154
0.80   0.556   0.126   0.101   0.942   0.134
0.90   0.526   0.111   0.100   0.943   0.118
1.00   0.500   0.100   0.100   0.943   0.106
1.10   0.476   0.090   0.099   0.943   0.095
1.20   0.455   0.082   0.098   0.943   0.087
1.30   0.435   0.075   0.098   0.943   0.080
1.40   0.417   0.069   0.097   0.943   0.073
1.50   0.400   0.064   0.096   0.944   0.068
1.60   0.385   0.060   0.096   0.944   0.063
1.70   0.370   0.056   0.095   0.944   0.059
1.80   0.357   0.052   0.094   0.944   0.055
1.90   0.345   0.049   0.094   0.944   0.052
2.00   0.333   0.046   0.093   0.944   0.049
2.10   0.323   0.044   0.092   0.945   0.047
2.20   0.313   0.042   0.092   0.945   0.044
2.30   0.303   0.040   0.091   0.945   0.042
2.40   0.294   0.038   0.090   0.945   0.040
2.50   0.286   0.036   0.090   0.945   0.038
2.60   0.278   0.034   0.089   0.946   0.036
2.70   0.270   0.033   0.088   0.946   0.035
2.80   0.263   0.031   0.088   0.946   0.033
2.90   0.256   0.030   0.087   0.946   0.032
3.00   0.250   0.029   0.086   0.946   0.030
3.10   0.244   0.028   0.086   0.947   0.029
3.20   0.238   0.027   0.085   0.947   0.028
3.30   0.233   0.026   0.084   0.947   0.027
3.40   0.227   0.025   0.084   0.947   0.026
3.50   0.222   0.024   0.083   0.947   0.025
3.60   0.217   0.023   0.082   0.948   0.024
3.70   0.213   0.022   0.082   0.948   0.023
3.80   0.208   0.021   0.081   0.948   0.022
3.90   0.204   0.021   0.080   0.948   0.022
4.00   0.200   0.020   0.080   0.949   0.021
4.10   0.196   0.019   0.079   0.949   0.020
4.20   0.192   0.019   0.078   0.949   0.020
4.30   0.189   0.018   0.078   0.949   0.019
4.40   0.185   0.018   0.077   0.950   0.018
4.50   0.182   0.017   0.076   0.950   0.018
4.60   0.179   0.016   0.076   0.950   0.017
4.70   0.175   0.016   0.075   0.950   0.017
4.80   0.172   0.016   0.074   0.951   0.016
4.90   0.169   0.015   0.074   0.951   0.016
5.00   0.167   0.015   0.073   0.951   0.015
t/d=0.14
0.30   0.769   0.396   0.119   0.933   0.424
0.40   0.714   0.295   0.118   0.933   0.316
0.50   0.667   0.234   0.117   0.933   0.251
0.60   0.625   0.193   0.116   0.933   0.207
0.70   0.588   0.164   0.115   0.933   0.176
0.80   0.556   0.143   0.114   0.933   0.153
0.90   0.526   0.126   0.113   0.934   0.135
1.00   0.500   0.112   0.112   0.934   0.120
1.10   0.476   0.101   0.112   0.934   0.109
1.20   0.455   0.092   0.111   0.934   0.099
1.30   0.435   0.084   0.110   0.934   0.090
1.40   0.417   0.078   0.109   0.935   0.083
1.50   0.400   0.072   0.108   0.935   0.077
1.60   0.385   0.067   0.107   0.935   0.072
1.70   0.370   0.062   0.106   0.935   0.067
1.80   0.357   0.059   0.105   0.936   0.063
1.90   0.345   0.055   0.104   0.936   0.059
2.00   0.333   0.052   0.104   0.936   0.055
2.10   0.323   0.049   0.103   0.936   0.052
2.20   0.313   0.046   0.102   0.937   0.049
2.30   0.303   0.044   0.101   0.937   0.047
2.40   0.294   0.042   0.100   0.937   0.044
2.50   0.286   0.040   0.099   0.938   0.042
2.60   0.278   0.038   0.098   0.938   0.040
2.70   0.270   0.036   0.097   0.938   0.038
2.80   0.263   0.034   0.096   0.938   0.037
2.90   0.256   0.033   0.096   0.939   0.035
3.00   0.250   0.032   0.095   0.939   0.034
3.10   0.244   0.030   0.094   0.939   0.032
3.20   0.238   0.029   0.093   0.940   0.031
3.30   0.233   0.028   0.092   0.940   0.030
3.40   0.227   0.027   0.091   0.940   0.028
3.50   0.222   0.026   0.090   0.941   0.027
3.60   0.217   0.025   0.089   0.941   0.026
3.70   0.213   0.024   0.088   0.941   0.025
3.80   0.208   0.023   0.088   0.942   0.024
3.90   0.204   0.022   0.087   0.942   0.024
4.00   0.200   0.021   0.086   0.943   0.023
4.10   0.196   0.021   0.085   0.943   0.022
4.20   0.192   0.020   0.084   0.943   0.021
4.30   0.189   0.019   0.083   0.944   0.020
4.40   0.185   0.019   0.082   0.944   0.020
4.50   0.182   0.018   0.081   0.945   0.019
4.60   0.179   0.017   0.080   0.945   0.019
4.70   0.175   0.017   0.080   0.945   0.018
4.80   0.172   0.016   0.079   0.946   0.017
4.90   0.169   0.016   0.078   0.946   0.017
5.00   0.167   0.015   0.077   0.947   0.016
t/d=0.16
0.30   0.769   0.441   0.132   0.923   0.478
0.40   0.714   0.328   0.131   0.924   0.355
0.50   0.667   0.260   0.130   0.924   0.282
0.60   0.625   0.215   0.129   0.924   0.233
0.70   0.588   0.182   0.128   0.924   0.197
0.80   0.556   0.158   0.127   0.924   0.171
0.90   0.526   0.139   0.126   0.925   0.151
1.00   0.500   0.124   0.124   0.925   0.134
1.10   0.476   0.112   0.123   0.925   0.121
1.20   0.455   0.102   0.122   0.926   0.110
1.30   0.435   0.093   0.121   0.926   0.100
1.40   0.417   0.086   0.120   0.926   0.092
1.50   0.400   0.079   0.119   0.927   0.085
1.60   0.385   0.073   0.117   0.927   0.079
1.70   0.370   0.068   0.116   0.927   0.074
1.80   0.357   0.064   0.115   0.928   0.069
1.90   0.345   0.060   0.114   0.928   0.065
2.00   0.333   0.056   0.113   0.928   0.061
2.10   0.323   0.053   0.112   0.929   0.057
2.20   0.313   0.050   0.111   0.929   0.054
2.30   0.303   0.048   0.110   0.930   0.051
2.40   0.294   0.045   0.108   0.930   0.049
2.50   0.286   0.043   0.107   0.930   0.046
2.60   0.278   0.041   0.106   0.931   0.044
2.70   0.270   0.039   0.105   0.931   0.042
2.80   0.263   0.037   0.104   0.932   0.040
2.90   0.256   0.035   0.103   0.932   0.038
3.00   0.250   0.034   0.102   0.933   0.036
3.10   0.244   0.032   0.100   0.933   0.035
3.20   0.238   0.031   0.099   0.933   0.033
3.30   0.233   0.030   0.098   0.934   0.032
3.40   0.227   0.028   0.097   0.934   0.030
3.50   0.222   0.027   0.096   0.935   0.029
3.60   0.217   0.026   0.095   0.936   0.028
3.70   0.213   0.025   0.093   0.936   0.027
3.80   0.208   0.024   0.092   0.937   0.026
3.90   0.204   0.023   0.091   0.937   0.025
4.00   0.200   0.023   0.090   0.938   0.024
4.10   0.196   0.022   0.089   0.938   0.023
4.20   0.192   0.021   0.088   0.939   0.022
4.30   0.189   0.020   0.087   0.940   0.021
4.40   0.185   0.019   0.085   0.940   0.021
4.50   0.182   0.019   0.084   0.941   0.020
4.60   0.179   0.018   0.083   0.942   0.019
4.70   0.175   0.017   0.082   0.942   0.019
4.80   0.172   0.017   0.081   0.943   0.018
4.90   0.169   0.016   0.080   0.944   0.017
5.00   0.167   0.016   0.079   0.945   0.017
t/d=0.18
0.40   0.714   0.359   0.144   0.914   0.393
0.50   0.667   0.285   0.142   0.915   0.311
0.60   0.625   0.235   0.141   0.915   0.257
0.70   0.588   0.199   0.140   0.915   0.218
0.80   0.556   0.173   0.138   0.916   0.189
0.90   0.526   0.152   0.137   0.916   0.166
1.00   0.500   0.135   0.135   0.917   0.148
1.10   0.476   0.122   0.134   0.917   0.133
1.20   0.455   0.110   0.132   0.917   0.120
1.30   0.435   0.101   0.131   0.918   0.110
1.40   0.417   0.093   0.130   0.918   0.101
1.50   0.400   0.085   0.128   0.919   0.093
1.60   0.385   0.079   0.127   0.919   0.086
1.70   0.370   0.074   0.125   0.920   0.080
1.80   0.357   0.069   0.124   0.920   0.075
1.90   0.345   0.064   0.123   0.921   0.070
2.00   0.333   0.061   0.121   0.921   0.066
2.10   0.323   0.057   0.120   0.922   0.062
2.20   0.313   0.054   0.118   0.922   0.058
2.30   0.303   0.051   0.117   0.923   0.055
2.40   0.294   0.048   0.115   0.923   0.052
2.50   0.286   0.046   0.114   0.924   0.049
2.60   0.278   0.043   0.112   0.924   0.047
2.70   0.270   0.041   0.111   0.925   0.044
2.80   0.263   0.039   0.110   0.926   0.042
2.90   0.256   0.037   0.108   0.926   0.040
3.00   0.250   0.036   0.107   0.927   0.038
3.10   0.244   0.034   0.105   0.928   0.037
3.20   0.238   0.032   0.104   0.928   0.035
3.30   0.233   0.031   0.103   0.929   0.033
3.40   0.227   0.030   0.101   0.930   0.032
3.50   0.222   0.028   0.100   0.930   0.031
3.60   0.217   0.027   0.098   0.931   0.029
3.70   0.213   0.026   0.097   0.932   0.028
3.80   0.208   0.025   0.095   0.933   0.027
3.90   0.204   0.024   0.094   0.934   0.026
4.00   0.200   0.023   0.093   0.935   0.025
4.10   0.196   0.022   0.091   0.935   0.024
4.20   0.192   0.021   0.090   0.936   0.023
4.30   0.189   0.021   0.088   0.937   0.022
4.40   0.185   0.020   0.087   0.938   0.021
4.50   0.182   0.019   0.085   0.939   0.020
t/d=0.20
0.40   0.714   0.389   0.156   0.905   0.430
0.50   0.667   0.308   0.154   0.906   0.340
0.60   0.625   0.254   0.152   0.906   0.280
0.70   0.588   0.215   0.151   0.907   0.237
0.80   0.556   0.186   0.149   0.907   0.205
0.90   0.526   0.163   0.147   0.908   0.180
1.00   0.500   0.145   0.145   0.908   0.160
1.10   0.476   0.131   0.144   0.909   0.144
1.20   0.455   0.118   0.142   0.909   0.130
1.30   0.435   0.108   0.140   0.910   0.118
1.40   0.417   0.099   0.138   0.911   0.109
1.50   0.400   0.091   0.137   0.911   0.100
1.60   0.385   0.084   0.135   0.912   0.093
1.70   0.370   0.078   0.133   0.912   0.086
1.80   0.357   0.073   0.131   0.913   0.080
1.90   0.345   0.068   0.130   0.914   0.075
2.00   0.333   0.064   0.128   0.914   0.070
2.10   0.323   0.060   0.126   0.915   0.066
2.20   0.313   0.057   0.125   0.916   0.062
2.30   0.303   0.053   0.123   0.916   0.058
2.40   0.294   0.050   0.121   0.917   0.055
2.50   0.286   0.048   0.119   0.918   0.052
2.60   0.278   0.045   0.118   0.919   0.049
2.70   0.270   0.043   0.116   0.920   0.047
2.80   0.263   0.041   0.114   0.920   0.044
2.90   0.256   0.039   0.112   0.921   0.042
3.00   0.250   0.037   0.111   0.922   0.040
3.10   0.244   0.035   0.109   0.923   0.038
3.20   0.238   0.033   0.107   0.924   0.036
3.30   0.233   0.032   0.105   0.925   0.035
3.40   0.227   0.031   0.104   0.926   0.033
3.50   0.222   0.029   0.102   0.927   0.031
3.60   0.217   0.028   0.100   0.928   0.030
3.70   0.213   0.027   0.099   0.930   0.029
3.80   0.208   0.025   0.097   0.931   0.027
3.90   0.204   0.024   0.095   0.932   0.026
t/d=0.22
0.50   0.667   0.330   0.165   0.897   0.367
0.60   0.625   0.271   0.163   0.898   0.302
0.70   0.588   0.229   0.161   0.898   0.256
0.80   0.556   0.198   0.159   0.899   0.221
0.90   0.526   0.174   0.157   0.900   0.193
1.00   0.500   0.154   0.154   0.900   0.172
1.10   0.476   0.139   0.152   0.901   0.154
1.20   0.455   0.125   0.150   0.902   0.139
1.30   0.435   0.114   0.148   0.902   0.126
1.40   0.417   0.104   0.146   0.903   0.116
1.50   0.400   0.096   0.144   0.904   0.106
1.60   0.385   0.089   0.142   0.905   0.098
1.70   0.370   0.082   0.140   0.905   0.091
1.80   0.357   0.077   0.138   0.906   0.085
1.90   0.345   0.072   0.136   0.907   0.079
2.00   0.333   0.067   0.134   0.908   0.074
2.10   0.323   0.063   0.132   0.909   0.069
2.20   0.313   0.059   0.130   0.910   0.065
2.30   0.303   0.056   0.128   0.911   0.061
2.40   0.294   0.052   0.126   0.912   0.057
2.50   0.286   0.049   0.124   0.913   0.054
2.60   0.278   0.047   0.121   0.914   0.051
2.70   0.270   0.044   0.119   0.915   0.048
2.80   0.263   0.042   0.117   0.916   0.046
2.90   0.256   0.040   0.115   0.918   0.043
3.00   0.250   0.038   0.113   0.919   0.041
3.10   0.244   0.036   0.111   0.920   0.039
3.20   0.238   0.034   0.109   0.921   0.037
3.30   0.233   0.032   0.107   0.923   0.035
3.40   0.227   0.031   0.105   0.924   0.033
3.50   0.222   0.029   0.103   0.926   0.032
t/d=0.24
0.50   0.667   0.350   0.175   0.889   0.394
0.60   0.625   0.288   0.173   0.890   0.323
0.70   0.588   0.243   0.170   0.890   0.273
0.80   0.556   0.210   0.168   0.891   0.235
0.90   0.526   0.184   0.165   0.892   0.206
1.00   0.500   0.163   0.163   0.893   0.182
1.10   0.476   0.146   0.160   0.893   0.163
1.20   0.455   0.132   0.158   0.894   0.147
1.30   0.435   0.120   0.156   0.895   0.134
1.40   0.417   0.109   0.153   0.896   0.122
1.50   0.400   0.100   0.151   0.897   0.112
1.60   0.385   0.093   0.148   0.898   0.103
1.70   0.370   0.086   0.146   0.899   0.095
1.80   0.357   0.080   0.143   0.900   0.089
1.90   0.345   0.074   0.141   0.901   0.082
2.00   0.333   0.069   0.139   0.903   0.077
2.10   0.323   0.065   0.136   0.904   0.072
2.20   0.313   0.061   0.134   0.905   0.067
2.30   0.303   0.057   0.131   0.906   0.063
2.40   0.294   0.054   0.129   0.908   0.059
2.50   0.286   0.051   0.127   0.909   0.056
2.60   0.278   0.048   0.124   0.910   0.052
2.70   0.270   0.045   0.122   0.912   0.049
2.80   0.263   0.043   0.119   0.914   0.047
2.90   0.256   0.040   0.117   0.915   0.044
3.00   0.250   0.038   0.114   0.917   0.042
3.10   0.244   0.036   0.112   0.919   0.039
t/d=0.26
0.60   0.625   0.302   0.181   0.881   0.343
0.70   0.588   0.255   0.179   0.882   0.289
0.80   0.556   0.220   0.176   0.883   0.249
0.90   0.526   0.192   0.173   0.884   0.218
1.00   0.500   0.170   0.170   0.885   0.192
1.10   0.476   0.152   0.167   0.886   0.172
1.20   0.455   0.137   0.165   0.887   0.155
1.30   0.435   0.124   0.162   0.888   0.140
1.40   0.417   0.114   0.159   0.890   0.128
1.50   0.400   0.104   0.156   0.891   0.117
1.60   0.385   0.096   0.154   0.892   0.108
1.70   0.370   0.089   0.151   0.893   0.099
1.80   0.357   0.082   0.148   0.895   0.092
1.90   0.345   0.076   0.145   0.896   0.085
2.00   0.333   0.071   0.142   0.898   0.079
2.10   0.323   0.066   0.140   0.899   0.074
2.20   0.313   0.062   0.137   0.901   0.069
2.30   0.303   0.058   0.134   0.903   0.065
2.40   0.294   0.055   0.131   0.904   0.060
2.50   0.286   0.051   0.128   0.906   0.057
2.60   0.278   0.048   0.126   0.908   0.053
2.70   0.270   0.045   0.123   0.910   0.050
2.80   0.263   0.043   0.120   0.912   0.047
t/d=0.28
0.60   0.625   0.316   0.190   0.873   0.362
0.70   0.588   0.267   0.187   0.875   0.305
0.80   0.556   0.229   0.183   0.876   0.262
0.90   0.526   0.200   0.180   0.877   0.228
1.00   0.500   0.177   0.177   0.878   0.202
1.10   0.476   0.158   0.174   0.879   0.180
1.20   0.455   0.142   0.171   0.881   0.161
1.30   0.435   0.129   0.167   0.882   0.146
1.40   0.417   0.117   0.164   0.884   0.133
1.50   0.400   0.107   0.161   0.885   0.121
1.60   0.385   0.099   0.158   0.887   0.111
1.70   0.370   0.091   0.155   0.888   0.102
1.80   0.357   0.084   0.152   0.890   0.095
1.90   0.345   0.078   0.148   0.892   0.088
2.00   0.333   0.073   0.145   0.894   0.081
2.10   0.323   0.068   0.142   0.896   0.075
2.20   0.313   0.063   0.139   0.898   0.070
2.30   0.303   0.059   0.136   0.900   0.065
2.40   0.294   0.055   0.132   0.902   0.061
2.50   0.286   0.052   0.129   0.905   0.057
t/d=0.30
0.60   0.625   0.329   0.197   0.866   0.380
0.70   0.588   0.277   0.194   0.867   0.319
0.80   0.556   0.238   0.190   0.868   0.274
0.90   0.526   0.207   0.187   0.870   0.238
1.00   0.500   0.183   0.183   0.871   0.210
1.10   0.476   0.163   0.179   0.873   0.187
1.20   0.455   0.147   0.176   0.875   0.168
1.30   0.435   0.132   0.172   0.876   0.151
1.40   0.417   0.120   0.169   0.878   0.137
1.50   0.400   0.110   0.165   0.880   0.125
1.60   0.385   0.101   0.161   0.882   0.114
1.70   0.370   0.093   0.158   0.884   0.105
1.80   0.357   0.086   0.154   0.886   0.097
1.90   0.345   0.079   0.151   0.888   0.089
2.00   0.333   0.074   0.147   0.891   0.083
2.10   0.323   0.068   0.143   0.893   0.076
2.20   0.313   0.064   0.140   0.896   0.071
2.30   0.303   0.059   0.136   0.899   0.066
t/d=0.32
0.60   0.625   0.340   0.204   0.858   0.397
0.70   0.588   0.286   0.200   0.860   0.333
0.80   0.556   0.245   0.196   0.862   0.285
0.90   0.526   0.214   0.192   0.863   0.247
1.00   0.500   0.188   0.188   0.865   0.218
1.10   0.476   0.167   0.184   0.867   0.193
1.20   0.455   0.150   0.180   0.869   0.173
1.30   0.435   0.136   0.176   0.871   0.156
1.40   0.417   0.123   0.172   0.873   0.141
1.50   0.400   0.112   0.168   0.876   0.128
1.60   0.385   0.103   0.164   0.878   0.117
1.70   0.370   0.094   0.160   0.881   0.107
1.80   0.357   0.087   0.156   0.883   0.098
1.90   0.345   0.080   0.152   0.886   0.090
2.00   0.333   0.074   0.148   0.889   0.083
2.10   0.323   0.069   0.144   0.892   0.077
t/d=0.34
0.70   0.588   0.295   0.206   0.853   0.345
0.80   0.556   0.252   0.202   0.855   0.295
0.90   0.526   0.219   0.197   0.857   0.256
1.00   0.500   0.193   0.193   0.859   0.224
1.10   0.476   0.171   0.188   0.861   0.199
1.20   0.455   0.153   0.184   0.864   0.177
1.30   0.435   0.138   0.179   0.866   0.159
1.40   0.417   0.125   0.175   0.869   0.144
1.50   0.400   0.114   0.170   0.872   0.130
1.60   0.385   0.104   0.166   0.875   0.119
1.70   0.370   0.095   0.161   0.878   0.108
1.80   0.357   0.087   0.157   0.881   0.099
1.90   0.345   0.080   0.153   0.885   0.091
t/d=0.36
0.70   0.588   0.302   0.211   0.846   0.357
0.80   0.556   0.258   0.207   0.849   0.304
0.90   0.526   0.224   0.202   0.851   0.263
1.00   0.500   0.197   0.197   0.854   0.230
1.10   0.476   0.174   0.192   0.856   0.204
1.20   0.455   0.156   0.187   0.859   0.181
1.30   0.435   0.140   0.182   0.862   0.162
1.40   0.417   0.126   0.177   0.866   0.146
1.50   0.400   0.115   0.172   0.869   0.132
1.60   0.385   0.104   0.167   0.873   0.120
1.70   0.370   0.095   0.162   0.877   0.109
t/d=0.38
0.70   0.588   0.309   0.216   0.840   0.368
0.80   0.556   0.263   0.211   0.843   0.313
0.90   0.526   0.228   0.205   0.846   0.270
1.00   0.500   0.200   0.200   0.849   0.236
1.10   0.476   0.177   0.195   0.852   0.208
1.20   0.455   0.158   0.189   0.855   0.184
1.30   0.435   0.141   0.184   0.859   0.165
1.40   0.417   0.127   0.178   0.863   0.148
1.50   0.400   0.115   0.173   0.867   0.133
1.60   0.385   0.105   0.168   0.872   0.120
t/d=0.40
0.70   0.588   0.315   0.220   0.834   0.377
0.80   0.556   0.268   0.215   0.838   0.320
0.90   0.526   0.232   0.209   0.841   0.276
1.00   0.500   0.203   0.203   0.844   0.240
1.10   0.476   0.179   0.197   0.848   0.211
1.20   0.455   0.159   0.191   0.852   0.187
1.30   0.435   0.142   0.185   0.857   0.166
1.40   0.417   0.128   0.179   0.862   0.149
t/d=0.42
0.70   0.588   0.320   0.224   0.829   0.386
0.80   0.556   0.272   0.218   0.833   0.327
0.90   0.526   0.234   0.211   0.836   0.280
1.00   0.500   0.205   0.205   0.841   0.244
1.10   0.476   0.180   0.198   0.845   0.213
1.20   0.455   0.160   0.192   0.850   0.188
1.30   0.435   0.143   0.186   0.855   0.167
t/d=0.44
0.70   0.588   0.324   0.227   0.824   0.393
0.80   0.556   0.275   0.220   0.828   0.332
0.90   0.526   0.237   0.213   0.833   0.285
1.00   0.500   0.206   0.206   0.838   0.246
1.10   0.476   0.181   0.200   0.843   0.215
1.20   0.455   0.161   0.193   0.849   0.189
t/d=0.46
0.80   0.556   0.280   0.224   0.824   0.337
0.90   0.526   0.240   0.216   0.830   0.288
1.00   0.500   0.209   0.209   0.835   0.248
1.10   0.476   0.182   0.200   0.842   0.216
t/d=0.48
0.80   0.556   0.280   0.224   0.821   0.341
0.90   0.526   0.240   0.216   0.827   0.290
1.00   0.500   0.208   0.208   0.834   0.250
t/d=0.50
0.80   0.556   0.281   0.225   0.818   0.344
0.90   0.526   0.241   0.217   0.825   0.292
t/d=0.52
0.80   0.556   0.282   0.226   0.816   0.346
0.90   0.526   0.241   0.217   0.825   0.292

