0.011	0.0098	0.9935
0.012	0.0107	0.9929
0.013	0.0116	0.9923
0.014	0.0125	0.9917
0.015	0.0134	0.9912
0.016	0.0143	0.9906
0.017	0.0151	0.99
0.018	0.016	0.9894
0.019	0.0169	0.9888
0.02	0.0178	0.9882
0.021	0.0187	0.9876
0.022	0.0195	0.987
0.023	0.0204	0.9865
0.024	0.0213	0.9859
0.025	0.0222	0.9853
0.026	0.023	0.9847
0.027	0.0239	0.9841
0.028	0.0248	0.9835
0.029	0.0257	0.9829
0.03	0.0265	0.9824
0.031	0.0274	0.9818
0.032	0.0283	0.9812
0.033	0.0291	0.9806
0.034	0.03	0.98
0.035	0.0309	0.9794
0.036	0.0317	0.9788
0.037	0.0326	0.9782
0.038	0.0334	0.9776
0.039	0.0343	0.9771
0.04	0.0352	0.9765
0.041	0.036	0.9759
0.042	0.0369	0.9753
0.043	0.0377	0.9747
0.044	0.0386	0.9741
0.045	0.0394	0.9735
0.046	0.0403	0.9729
0.047	0.0411	0.9724
0.048	0.042	0.9718
0.049	0.0428	0.9712
0.05	0.0437	0.9706
0.051	0.0445	0.97
0.052	0.0454	0.9694
0.053	0.0462	0.9688
0.054	0.0471	0.9682
0.055	0.0479	0.9676
0.056	0.0487	0.9671
0.057	0.0496	0.9665
0.058	0.0504	0.9659
0.059	0.0513	0.9653
0.06	0.0521	0.9647
0.061	0.0529	0.9641
0.062	0.0538	0.9635
0.063	0.0546	0.9629
0.064	0.0554	0.9624
0.065	0.0563	0.9618
0.066	0.0571	0.9612
0.067	0.0579	0.9606
0.068	0.0588	0.96
0.069	0.0596	0.9594
0.07	0.0604	0.9588
0.071	0.0612	0.9582
0.072	0.0621	0.9576
0.073	0.0629	0.9571
0.074	0.0637	0.9565
0.075	0.0645	0.9559
0.076	0.0653	0.9553
0.077	0.0662	0.9547
0.078	0.067	0.9541
0.079	0.0678	0.9535
0.08	0.0686	0.9529
0.081	0.0694	0.9524
0.082	0.0702	0.9518
0.083	0.0711	0.9512
0.084	0.0719	0.9506
0.085	0.0727	0.95
0.086	0.0735	0.9494
0.087	0.0743	0.9488
0.088	0.0751	0.9482
0.089	0.0759	0.9476
0.09	0.0767	0.9471
0.091	0.0775	0.9465
0.092	0.0783	0.9459
0.093	0.0791	0.9453
0.094	0.0799	0.9447
0.095	0.0807	0.9441
0.096	0.0815	0.9435
0.097	0.0823	0.9429
0.098	0.0831	0.9424
0.099	0.0839	0.9418
0.1	0.0847	0.9412
0.101	0.0855	0.9406
0.102	0.0863	0.94
0.103	0.0871	0.9394
0.104	0.0879	0.9388
0.105	0.0887	0.9382
0.106	0.0895	0.9376
0.107	0.0904	0.9371
0.108	0.091	0.9365
0.109	0.0918	0.9359
0.11	0.0926	0.9353
0.111	0.0934	0.9347
0.112	0.0942	0.9341
0.113	0.0949	0.9335
0.114	0.0957	0.9329
0.115	0.0965	0.9324
0.116	0.0973	0.9318
0.117	0.0981	0.9312
0.118	0.0988	0.9306
0.119	0.0996	0.93
0.12	0.1004	0.9294
0.121	0.1011	0.9288
0.122	0.1019	0.9282
0.123	0.1027	0.9276
0.124	0.1035	0.9271
0.125	0.1042	0.9265
0.126	0.105	0.9259
0.127	0.1058	0.9253
0.128	0.1065	0.9247
0.129	0.1073	0.9241
0.13	0.1081	0.9235
0.131	0.1088	0.9229
0.132	0.1096	0.9224
0.133	0.1103	0.9218
0.134	0.1111	0.9212
0.135	0.1119	0.9206
0.136	0.1126	0.92
0.137	0.1134	0.9194
0.138	0.1141	0.9188
0.139	0.1149	0.9182
0.14	0.1156	0.9176
0.141	0.1164	0.9171
0.142	0.1171	0.9165
0.143	0.1179	0.9159
0.144	0.1186	0.9153
0.145	0.1194	0.9147
0.146	0.1201	0.9141
0.147	0.1209	0.9135
0.148	0.1216	0.9129
0.149	0.1223	0.9124
0.15	0.1231	0.9118
0.151	0.1238	0.9112
0.152	0.1246	0.9106
0.153	0.1253	0.91
0.154	0.126	0.9094
0.155	0.1268	0.9088
0.156	0.1275	0.9082
0.157	0.1283	0.9076
0.158	0.129	0.9071
0.159	0.1297	0.9065
0.16	0.1304	0.9059
0.161	0.1312	0.9053
0.162	0.1319	0.9047
0.163	0.1326	0.9041
0.164	0.1334	0.9035
0.165	0.1341	0.9029
0.166	0.1348	0.9024
0.167	0.1355	0.9018
0.168	0.1363	0.9012
0.169	0.137	0.9006
0.17	0.1377	0.9
0.171	0.1384	0.8994
0.172	0.1391	0.8988
0.173	0.1399	0.8982
0.174	0.1406	0.8976
0.175	0.1413	0.8971
0.176	0.142	0.8965
0.177	0.1427	0.8959
0.178	0.1434	0.8953
0.179	0.1441	0.8947
0.18	0.1448	0.8941
0.181	0.1456	0.8935
0.182	0.1463	0.8929
0.183	0.147	0.8924
0.184	0.1477	0.8918
0.185	0.1484	0.8912
0.186	0.1491	0.8906
0.187	0.1498	0.89
0.188	0.1505	0.8894
0.189	0.1512	0.8888
0.19	0.1519	0.8882
0.191	0.1526	0.8876
0.192	0.1533	0.8871
0.193	0.154	0.8865
0.194	0.1547	0.8859
0.195	0.1554	0.8853
0.196	0.1561	0.8847
0.197	0.1568	0.8841
0.198	0.1574	0.8835
0.199	0.1581	0.8829
0.2	0.1588	0.8824
0.201	0.1595	0.8818
0.202	0.1602	0.8812
0.203	0.1609	0.8806
0.204	0.1616	0.88
0.205	0.1623	0.8794
0.206	0.1629	0.8788
0.207	0.1636	0.8782
0.208	0.1643	0.8776
0.209	0.165	0.877
0.21	0.1657	0.8765
0.211	0.1663	0.8759
0.212	0.167	0.8753
0.213	0.1677	0.8747
0.214	0.1684	0.8741
0.215	0.169	0.8735
0.216	0.1697	0.8729
0.217	0.1704	0.8724
0.218	0.171	0.8718
0.219	0.1717	0.8712
0.22	0.1724	0.8706
0.221	0.173	0.87
0.222	0.1737	0.8694
0.223	0.1744	0.8688
0.224	0.175	0.8682
0.225	0.1757	0.8676
0.226	0.1764	0.8671
0.227	0.177	0.8665
0.228	0.1777	0.8659
0.229	0.1783	0.8653
0.23	0.179	0.8647
0.231	0.1797	0.8641
0.232	0.1803	0.8635
0.233	0.181	0.8629
0.234	0.1816	0.8624
0.235	0.1822	0.8619
0.236	0.1829	0.8612
0.237	0.1836	0.8606
0.238	0.1842	0.86
0.239	0.1849	0.8594
0.24	0.1855	0.8588
0.241	0.1862	0.8582
0.242	0.1868	0.8576
0.243	0.1874	0.8571
0.244	0.1881	0.8565
0.245	0.1887	0.8559
0.246	0.1894	0.8553
0.247	0.19	0.8547
0.248	0.1906	0.8541
0.249	0.1913	0.8535
0.25	0.1919	0.8529
0.251	0.1925	0.8524
0.252	0.1932	0.8518
0.253	0.1938	0.8512
0.254	0.1944	0.8506
0.255	0.1951	0.85
0.256	0.1957	0.8494
0.257	0.1963	0.8488
0.258	0.197	0.8482
0.259	0.1976	0.8476
0.26	0.1982	0.8471
0.261	0.1988	0.8465
0.262	0.1995	0.8459
0.263	0.2001	0.8453
0.264	0.2007	0.8447
0.265	0.2013	0.8441
0.266	0.2019	0.8435
0.267	0.2026	0.8429
0.268	0.2032	0.8424
0.269	0.2038	0.8418
0.27	0.2044	0.8412
0.271	0.205	0.8406
0.272	0.2056	0.84
0.273	0.2062	0.8394
0.274	0.2069	0.8388
0.275	0.2075	0.8382
0.276	0.2081	0.8376
0.277	0.2087	0.8371
0.278	0.2093	0.8365
0.279	0.2099	0.8359
0.28	0.2105	0.8353
0.281	0.2111	0.8347
0.282	0.2117	0.8341
0.283	0.2123	0.8335
0.284	0.2129	0.8329
0.285	0.2135	0.8324
0.286	0.2141	0.8318
0.287	0.2147	0.8312
0.288	0.2153	0.8306
0.289	0.2159	0.83
0.29	0.2165	0.8294
0.291	0.2171	0.8288
0.292	0.2177	0.8282
0.293	0.2183	0.8276
0.294	0.2188	0.8271
0.295	0.2194	0.8265
0.296	0.22	0.8259
0.297	0.2206	0.8253
0.298	0.2212	0.8247
0.299	0.2218	0.8241
0.3	0.2224	0.8235
0.301	0.2229	0.8229
0.302	0.2235	0.8224
0.303	0.2241	0.8218
0.304	0.2247	0.8212
0.305	0.2253	0.8206
0.306	0.2258	0.82
0.307	0.2264	0.8194
0.308	0.227	0.8188
0.309	0.2276	0.8182
0.31	0.2281	0.8176
0.311	0.2287	0.8171
0.312	0.2293	0.8165
0.313	0.2298	0.8159
0.314	0.2304	0.8153
0.315	0.231	0.8147
0.316	0.2315	0.8141
0.317	0.2321	0.8135
0.318	0.2326	0.8129
0.319	0.2332	0.8124
0.32	0.2338	0.8118
0.321	0.2343	0.8112
0.322	0.2349	0.8106
0.323	0.2355	0.81
0.324	0.236	0.8094
0.325	0.2365	0.8089
0.326	0.2371	0.8082
0.327	0.2377	0.8076
0.328	0.2382	0.8071
0.329	0.2388	0.8065
0.33	0.2393	0.8059
0.331	0.2399	0.8053
0.332	0.2404	0.8047
0.333	0.241	0.8041
0.334	0.2415	0.8035
0.335	0.2421	0.8029
0.336	0.2426	0.8024
0.337	0.2432	0.8018
0.338	0.2437	0.8012
0.339	0.2443	0.8006
0.34	0.2448	0.8
0.341	0.2453	0.7994
0.342	0.2459	0.7988
0.343	0.2464	0.7982
0.344	0.247	0.7976
0.345	0.2475	0.7971
0.346	0.248	0.7965
0.347	0.2486	0.7959
0.348	0.2491	0.7953
0.349	0.2496	0.7947
0.35	0.2501	0.7941
0.351	0.2507	0.7935
0.352	0.2512	0.7929
0.353	0.2517	0.7924
0.354	0.2523	0.7918
0.355	0.2528	0.7912
0.356	0.2533	0.7906
0.357	0.2538	0.79
0.358	0.2543	0.7894
0.359	0.2549	0.7888
0.36	0.2554	0.7882
0.361	0.2559	0.7876
0.362	0.2564	0.7871
0.363	0.2569	0.7865
0.364	0.2575	0.7859
0.365	0.258	0.7853
0.366	0.2585	0.7847
0.367	0.259	0.7841
0.368	0.2595	0.7835
0.369	0.26	0.7829
