0.50   0.667   0.778   0.259   0.519   0.6667
0.51   0.662   0.779   0.258   0.506   0.6493
0.52   0.658   0.781   0.257   0.494   0.6326
0.53   0.654   0.782   0.256   0.482   0.6166
0.54   0.649   0.784   0.254   0.471   0.6013
0.55   0.645   0.785   0.253   0.460   0.5865
0.56   0.641   0.786   0.252   0.450   0.5723
0.57   0.637   0.788   0.251   0.440   0.5587
0.58   0.633   0.789   0.250   0.431   0.5456
0.59   0.629   0.790   0.249   0.421   0.5330
0.60   0.625   0.792   0.247   0.412   0.5208
0.61   0.621   0.793   0.246   0.404   0.5091
0.62   0.617   0.794   0.245   0.395   0.4978
0.63   0.613   0.796   0.244   0.387   0.4869
0.64   0.610   0.797   0.243   0.380   0.4764
0.65   0.606   0.798   0.242   0.372   0.4662
0.66   0.602   0.799   0.241   0.365   0.4564
0.67   0.599   0.800   0.240   0.358   0.4469
0.68   0.595   0.802   0.239   0.351   0.4377
0.69   0.592   0.803   0.238   0.344   0.4288
0.70   0.588   0.804   0.236   0.338   0.4202
0.71   0.585   0.805   0.235   0.332   0.4118
0.72   0.581   0.806   0.234   0.326   0.4037
0.73   0.578   0.807   0.233   0.320   0.3959
0.74   0.575   0.808   0.232   0.314   0.3883
0.75   0.571   0.810   0.231   0.308   0.3810
0.76   0.568   0.811   0.230   0.303   0.3738
0.77   0.565   0.812   0.229   0.298   0.3669
0.78   0.562   0.813   0.228   0.293   0.3601
0.79   0.559   0.814   0.227   0.288   0.3536
0.80   0.556   0.815   0.226   0.283   0.3472
0.81   0.552   0.816   0.225   0.278   0.3410
0.82   0.549   0.817   0.224   0.274   0.3350
0.83   0.546   0.818   0.223   0.269   0.3292
0.84   0.543   0.819   0.223   0.265   0.3235
0.85   0.541   0.820   0.222   0.261   0.3180
0.86   0.538   0.821   0.221   0.257   0.3126
0.87   0.535   0.822   0.220   0.253   0.3073
0.88   0.532   0.823   0.219   0.249   0.3022
0.89   0.529   0.824   0.218   0.245   0.2972
0.90   0.526   0.825   0.217   0.241   0.2924
0.91   0.524   0.825   0.216   0.237   0.2877
0.92   0.521   0.826   0.215   0.234   0.2831
0.93   0.518   0.827   0.214   0.230   0.2786
0.94   0.515   0.828   0.213   0.227   0.2742
0.95   0.513   0.829   0.213   0.224   0.2699
0.96   0.510   0.830   0.212   0.221   0.2657
0.97   0.508   0.831   0.211   0.217   0.2617
0.98   0.505   0.832   0.210   0.214   0.2577
0.99   0.503   0.832   0.209   0.211   0.2538
1.00   0.500   0.833   0.208   0.208   0.2500
1.01   0.498   0.834   0.208   0.205   0.2463
1.02   0.495   0.835   0.207   0.203   0.2427
1.03   0.493   0.836   0.206   0.200   0.2391
1.04   0.490   0.837   0.205   0.197   0.2357
1.05   0.488   0.837   0.204   0.195   0.2323
1.06   0.485   0.838   0.203   0.192   0.2290
1.07   0.483   0.839   0.203   0.189   0.2257
1.08   0.481   0.840   0.202   0.187   0.2226
1.09   0.478   0.841   0.201   0.184   0.2195
1.10   0.476   0.841   0.200   0.182   0.2165
1.11   0.474   0.842   0.200   0.180   0.2135
1.12   0.472   0.843   0.199   0.177   0.2106
1.13   0.469   0.844   0.198   0.175   0.2077
1.14   0.467   0.844   0.197   0.173   0.2050
1.15   0.465   0.845   0.197   0.171   0.2022
1.16   0.463   0.846   0.196   0.169   0.1996
1.17   0.461   0.846   0.195   0.167   0.1969
1.18   0.459   0.847   0.194   0.165   0.1944
1.19   0.457   0.848   0.194   0.163   0.1919
1.20   0.455   0.848   0.193   0.161   0.1894
1.21   0.452   0.849   0.192   0.159   0.1870
1.22   0.450   0.850   0.191   0.157   0.1846
1.23   0.448   0.851   0.191   0.155   0.1823
1.24   0.446   0.851   0.190   0.153   0.1800
1.25   0.444   0.852   0.189   0.151   0.1778
1.26   0.442   0.853   0.189   0.150   0.1756
1.27   0.441   0.853   0.188   0.148   0.1734
1.28   0.439   0.854   0.187   0.146   0.1713
1.29   0.437   0.854   0.187   0.145   0.1693
1.30   0.435   0.855   0.186   0.143   0.1672
1.31   0.433   0.856   0.185   0.141   0.1652
1.32   0.431   0.856   0.185   0.140   0.1633
1.33   0.429   0.857   0.184   0.138   0.1613
1.34   0.427   0.858   0.183   0.137   0.1595
1.35   0.426   0.858   0.183   0.135   0.1576
1.36   0.424   0.859   0.182   0.134   0.1558
1.37   0.422   0.859   0.181   0.132   0.1540
1.38   0.420   0.860   0.181   0.131   0.1522
1.39   0.418   0.861   0.180   0.130   0.1505
1.40   0.417   0.861   0.179   0.128   0.1488
1.41   0.415   0.862   0.179   0.127   0.1471
1.42   0.413   0.862   0.178   0.125   0.1455
1.43   0.412   0.863   0.178   0.124   0.1439
1.44   0.410   0.863   0.177   0.123   0.1423
1.45   0.408   0.864   0.176   0.122   0.1407
1.46   0.407   0.864   0.176   0.120   0.1392
1.47   0.405   0.865   0.175   0.119   0.1377
1.48   0.403   0.866   0.175   0.118   0.1362
1.49   0.402   0.866   0.174   0.117   0.1348
1.50   0.400   0.867   0.173   0.116   0.1333
1.51   0.398   0.867   0.173   0.114   0.1319
1.52   0.397   0.868   0.172   0.113   0.1305
1.53   0.395   0.868   0.172   0.112   0.1292
1.54   0.394   0.869   0.171   0.111   0.1278
1.55   0.392   0.869   0.170   0.110   0.1265
1.56   0.391   0.870   0.170   0.109   0.1252
1.57   0.389   0.870   0.169   0.108   0.1239
1.58   0.388   0.871   0.169   0.107   0.1227
1.59   0.386   0.871   0.168   0.106   0.1214
1.60   0.385   0.872   0.168   0.105   0.1202
1.61   0.383   0.872   0.167   0.104   0.1190
1.62   0.382   0.873   0.167   0.103   0.1178
1.63   0.380   0.873   0.166   0.102   0.1166
1.64   0.379   0.874   0.165   0.101   0.1155
1.65   0.377   0.874   0.165   0.100   0.1144
1.66   0.376   0.875   0.164   0.099   0.1132
1.67   0.375   0.875   0.164   0.098   0.1121
1.68   0.373   0.876   0.163   0.097   0.1111
1.69   0.372   0.876   0.163   0.096   0.1100
1.70   0.370   0.877   0.162   0.095   0.1089
1.71   0.369   0.877   0.162   0.095   0.1079
1.72   0.368   0.877   0.161   0.094   0.1069
1.73   0.366   0.878   0.161   0.093   0.1059
1.74   0.365   0.878   0.160   0.092   0.1049
1.75   0.364   0.879   0.160   0.091   0.1039
1.76   0.362   0.879   0.159   0.091   0.1029
1.77   0.361   0.880   0.159   0.090   0.1020
1.78   0.360   0.880   0.158   0.089   0.1010
1.79   0.358   0.881   0.158   0.088   0.1001
1.80   0.357   0.881   0.157   0.087   0.0992
1.81   0.356   0.881   0.157   0.087   0.0983
1.82   0.355   0.882   0.156   0.086   0.0974
1.83   0.353   0.882   0.156   0.085   0.0965
1.84   0.352   0.883   0.155   0.084   0.0957
1.85   0.351   0.883   0.155   0.084   0.0948
1.86   0.350   0.883   0.154   0.083   0.0940
1.87   0.348   0.884   0.154   0.082   0.0932
1.88   0.347   0.884   0.154   0.082   0.0923
1.89   0.346   0.885   0.153   0.081   0.0915
1.90   0.345   0.885   0.153   0.080   0.0907
1.91   0.344   0.885   0.152   0.080   0.0900
1.92   0.342   0.886   0.152   0.079   0.0892
1.93   0.341   0.886   0.151   0.078   0.0884
1.94   0.340   0.887   0.151   0.078   0.0877
1.95   0.339   0.887   0.150   0.077   0.0869
1.96   0.338   0.887   0.150   0.076   0.0862
1.97   0.337   0.888   0.149   0.076   0.0855
1.98   0.336   0.888   0.149   0.075   0.0847
1.99   0.334   0.889   0.149   0.075   0.0840
2.00   0.333   0.889   0.148   0.074   0.0833
2.01   0.332   0.889   0.148   0.073   0.0826
2.02   0.331   0.890   0.147   0.073   0.0820
2.03   0.330   0.890   0.147   0.072   0.0813
2.04   0.329   0.890   0.146   0.072   0.0806
2.05   0.328   0.891   0.146   0.071   0.0800
2.06   0.327   0.891   0.146   0.071   0.0793
2.07   0.326   0.891   0.145   0.070   0.0787
2.08   0.325   0.892   0.145   0.070   0.0780
2.09   0.324   0.892   0.144   0.069   0.0774
2.10   0.323   0.892   0.144   0.069   0.0768
2.11   0.322   0.893   0.144   0.068   0.0762
2.12   0.321   0.893   0.143   0.068   0.0756
2.13   0.319   0.894   0.143   0.067   0.0750
2.14   0.318   0.894   0.142   0.067   0.0744
2.15   0.317   0.894   0.142   0.066   0.0738
2.16   0.316   0.895   0.142   0.066   0.0733
2.17   0.315   0.895   0.141   0.065   0.0727
2.18   0.314   0.895   0.141   0.065   0.0721
2.19   0.313   0.896   0.140   0.064   0.0716
2.20   0.313   0.896   0.140   0.064   0.0710
2.21   0.312   0.896   0.140   0.063   0.0705
2.22   0.311   0.896   0.139   0.063   0.0699
2.23   0.310   0.897   0.139   0.062   0.0694
2.24   0.309   0.897   0.138   0.062   0.0689
2.25   0.308   0.897   0.138   0.061   0.0684
2.26   0.307   0.898   0.138   0.061   0.0679
2.27   0.306   0.898   0.137   0.060   0.0674
2.28   0.305   0.898   0.137   0.060   0.0669
2.29   0.304   0.899   0.137   0.060   0.0664
2.30   0.303   0.899   0.136   0.059   0.0659
2.31   0.302   0.899   0.136   0.059   0.0654
2.32   0.301   0.900   0.135   0.058   0.0649
2.33   0.300   0.900   0.135   0.058   0.0644
2.34   0.299   0.900   0.135   0.058   0.0640
2.35   0.299   0.900   0.134   0.057   0.0635
2.36   0.298   0.901   0.134   0.057   0.0631
2.37   0.297   0.901   0.134   0.056   0.0626
2.38   0.296   0.901   0.133   0.056   0.0622
2.39   0.295   0.902   0.133   0.056   0.0617
2.40   0.294   0.902   0.133   0.055   0.0613
2.41   0.293   0.902   0.132   0.055   0.0608
2.42   0.292   0.903   0.132   0.055   0.0604
2.43   0.292   0.903   0.132   0.054   0.0600
2.44   0.291   0.903   0.131   0.054   0.0596
2.45   0.290   0.903   0.131   0.053   0.0592
2.46   0.289   0.904   0.131   0.053   0.0587
2.47   0.288   0.904   0.130   0.053   0.0583
2.48   0.287   0.904   0.130   0.052   0.0579
2.49   0.287   0.904   0.130   0.052   0.0575
2.50   0.286   0.905   0.129   0.052   0.0571
2.51   0.285   0.905   0.129   0.051   0.0568
2.52   0.284   0.905   0.129   0.051   0.0564
2.53   0.283   0.906   0.128   0.051   0.0560
2.54   0.282   0.906   0.128   0.050   0.0556
2.55   0.282   0.906   0.128   0.050   0.0552
2.56   0.281   0.906   0.127   0.050   0.0549
2.57   0.280   0.907   0.127   0.049   0.0545
2.58   0.279   0.907   0.127   0.049   0.0541
2.59   0.279   0.907   0.126   0.049   0.0538
2.60   0.278   0.907   0.126   0.048   0.0534
2.61   0.277   0.908   0.126   0.048   0.0531
2.62   0.276   0.908   0.125   0.048   0.0527
2.63   0.275   0.908   0.125   0.048   0.0524
2.64   0.275   0.908   0.125   0.047   0.0520
2.65   0.274   0.909   0.124   0.047   0.0517
2.66   0.273   0.909   0.124   0.047   0.0514
2.67   0.272   0.909   0.124   0.046   0.0510
2.68   0.272   0.909   0.124   0.046   0.0507
2.69   0.271   0.910   0.123   0.046   0.0504
2.70   0.270   0.910   0.123   0.046   0.0501
2.71   0.270   0.910   0.123   0.045   0.0497
2.72   0.269   0.910   0.122   0.045   0.0494
2.73   0.268   0.911   0.122   0.045   0.0491
2.74   0.267   0.911   0.122   0.044   0.0488
2.75   0.267   0.911   0.121   0.044   0.0485
2.76   0.266   0.911   0.121   0.044   0.0482
2.77   0.265   0.912   0.121   0.044   0.0479
2.78   0.265   0.912   0.121   0.043   0.0476
2.79   0.264   0.912   0.120   0.043   0.0473
2.80   0.263   0.912   0.120   0.043   0.0470
2.81   0.262   0.913   0.120   0.043   0.0467
2.82   0.262   0.913   0.119   0.042   0.0464
2.83   0.261   0.913   0.119   0.042   0.0461
2.84   0.260   0.913   0.119   0.042   0.0458
2.85   0.260   0.913   0.119   0.042   0.0456
2.86   0.259   0.914   0.118   0.041   0.0453
2.87   0.258   0.914   0.118   0.041   0.0450
2.88   0.258   0.914   0.118   0.041   0.0447
2.89   0.257   0.914   0.118   0.041   0.0445
2.90   0.256   0.915   0.117   0.040   0.0442
2.91   0.256   0.915   0.117   0.040   0.0439
2.92   0.255   0.915   0.117   0.040   0.0437
2.93   0.254   0.915   0.116   0.040   0.0434
2.94   0.254   0.915   0.116   0.040   0.0432
2.95   0.253   0.916   0.116   0.039   0.0429
2.96   0.253   0.916   0.116   0.039   0.0427
2.97   0.252   0.916   0.115   0.039   0.0424
2.98   0.251   0.916   0.115   0.039   0.0422
2.99   0.251   0.916   0.115   0.038   0.0419
3.00   0.250   0.917   0.115   0.038   0.0417
3.05   0.247   0.918   0.113   0.037   0.0405
3.10   0.244   0.919   0.112   0.036   0.0393
3.15   0.241   0.920   0.111   0.035   0.0382
3.20   0.238   0.921   0.110   0.034   0.0372
3.25   0.235   0.922   0.108   0.033   0.0362
3.30   0.233   0.922   0.107   0.033   0.0352
3.35   0.230   0.923   0.106   0.032   0.0343
3.40   0.227   0.924   0.105   0.031   0.0334
3.45   0.225   0.925   0.104   0.030   0.0326
3.50   0.222   0.926   0.103   0.029   0.0317
3.55   0.220   0.927   0.102   0.029   0.0310
3.60   0.217   0.928   0.101   0.028   0.0302
3.65   0.215   0.928   0.100   0.027   0.0295
3.70   0.213   0.929   0.099   0.027   0.0288
3.75   0.211   0.930   0.098   0.026   0.0281
3.80   0.208   0.931   0.097   0.026   0.0274
3.85   0.206   0.931   0.096   0.025   0.0268
3.90   0.204   0.932   0.095   0.024   0.0262
3.95   0.202   0.933   0.094   0.024   0.0256
4.00   0.200   0.933   0.093   0.023   0.0250
4.05   0.198   0.934   0.092   0.023   0.0244
4.10   0.196   0.935   0.092   0.022   0.0239
4.15   0.194   0.935   0.091   0.022   0.0234
4.20   0.192   0.936   0.090   0.021   0.0229
4.25   0.190   0.937   0.089   0.021   0.0224
4.30   0.189   0.937   0.088   0.021   0.0219
4.35   0.187   0.938   0.088   0.020   0.0215
4.40   0.185   0.938   0.087   0.020   0.0210
4.45   0.183   0.939   0.086   0.019   0.0206
4.50   0.182   0.939   0.085   0.019   0.0202
4.55   0.180   0.940   0.085   0.019   0.0198
4.60   0.179   0.940   0.084   0.018   0.0194
4.65   0.177   0.941   0.083   0.018   0.0190
4.70   0.175   0.942   0.083   0.018   0.0187
4.75   0.174   0.942   0.082   0.017   0.0183
4.80   0.172   0.943   0.081   0.017   0.0180
4.85   0.171   0.943   0.081   0.017   0.0176
4.90   0.169   0.944   0.080   0.016   0.0173
4.95   0.168   0.944   0.079   0.016   0.0170
5.00   0.167   0.944   0.079   0.016   0.0167
5.50   0.154   0.949   0.073   0.013   0.0140
6.00    0.143   0.952   0.068   0.011   0.0119
6.50    0.133   0.956   0.064   0.010   0.0103
7.00    0.125   0.958   0.060   0.009   0.0089
7.50    0.118   0.961   0.057   0.008   0.0078
8.00    0.111   0.963   0.053   0.007   0.0069
8.50    0.105   0.965   0.051   0.006   0.0062
9.00    0.100   0.967   0.048   0.005   0.0056
10.00   0.091   0.970   0.044   0.004   0.0045
